#: table_doi: 10.17182/hepdata.88899.v1/t5
#: name: Figure_003-a
#: description: Observed and expected 95% CL upper limits on the product of the cross section of a V' resonance decaying to a pair of SM bosons.
#: data_file: figure_003-a.yaml
#: keyword reactions: P P --> WPRIME --> W+ Z0 | P P --> WPRIME --> W- Z0 | P P --> WPRIME --> W+ H0 | P P --> WPRIME --> W- H0 | P P --> ZPRIME --> W+ W- | P P --> ZPRIME --> Z0 H0
#: keyword phrases: Statistical combination | Diboson resonances | Cross section | Z prime | W prime | Heavy vector triplet | Graviton
#mX [GeV],Combination Expected $\pm$ 1 s.d. [pb],1 s.d. +,1 s.d. -
800.0e-3 0.13132 0.054963 -0.036093
801.0e-3 0.13077 0.034155 -0.022519
899.0e-3 0.077196 0.03202 -0.021591
900.0e-3 0.073698 0.023751 -0.015789
901.0e-3 0.073496 0.019305 -0.013095
999.0e-3 0.053681 0.014082 -0.0095331
1000.0e-3 0.045264 0.010841 -0.007399
1001.0e-3 0.045136 0.01014 -0.0069206
1099.0e-3 0.03254 0.0078464 -0.0054489
1100.0e-3 0.032411 0.0064267 -0.0043465
1101.0e-3 0.032336 0.0052811 -0.0035395
1199.0e-3 0.024951 0.0043479 -0.002914
1200.0e-3 0.023338 0.0036125 -0.0024408
1201.0e-3 0.023287 0.0030784 -0.0020431
1299.0e-3 0.018278 0.002641 -0.0017375
1300.0e-3 0.018227 0.0022875 -0.0015039
1301.0e-3 0.018191 0.0020022 -0.0013237
1399.0e-3 0.014693 0.0017746 -0.0011606
1400.0e-3 0.014657 0.0015826 -0.0010345
1401.0e-3 0.01463 0.0014254 -0.00092357
1499.0e-3 0.011963 0.0012774 -0.00083111
1500.0e-3 0.011936 0.0011473 -0.0007462
1501.0e-3 0.011915 0.0010493 -0.00066308
1599.0e-3 0.0098479 0.00095381 -0.00061013
1600.0e-3 0.0098268 0.0008767 -0.00055633
1601.0e-3 0.0098101 0.00080753 -0.00050843
1699.0e-3 0.0081813 0.0007368 -0.00046739
1700.0e-3 0.0081646 0.00068118 -0.00042878
1701.0e-3 0.0081513 0.00063938 -0.00039361
1799.0e-3 0.0068477 0.00059165 -0.00036425
1800.0e-3 0.0068344 0.00054936 -0.00034241
1801.0e-3 0.0068241 0.00051625 -0.00031725
1899.0e-3 0.0058222 0.00048723 -0.00029533
1900.0e-3 0.005812 0.00046171 -0.00027803
1901.0e-3 0.0058038 0.00043655 -0.00026296
1999.0e-3 0.0049985 0.00042027 -0.00025329
2000.0e-3 0.0049903 0.00040384 -0.00023707
2001.0e-3 0.0049837 0.00038174 -0.00022859
2099.0e-3 0.0043369 0.00037115 -0.00021793
2100.0e-3 0.0043303 0.0003582 -0.00020801
2101.0e-3 0.0043247 0.00035158 -0.00020411
2199.0e-3 0.0037785 0 0
2200.0e-3 0.0037729 0 0
2201.0e-3 0.0037686 0 0
2299.0e-3 0.0033408 0 0
2300.0e-3 0.0033364 0 0
2301.0e-3 0.0033326 0 0
2399.0e-3 0.0029592 0 0
2400.0e-3 0.0029554 0 0
2401.0e-3 0.0029521 0 0
2499.0e-3 0.00263 0 0
2500.0e-3 0.0026267 0 0
2501.0e-3 0.0026239 0 0
2599.0e-3 0.002343 0 0
2600.0e-3 0.0023401 0 0
2601.0e-3 0.0023376 0 0
2699.0e-3 0.0020917 0 0
2700.0e-3 0.0020892 0 0
2701.0e-3 0.0020872 0 0
2799.0e-3 0.0018862 0 0
2800.0e-3 0.0018841 0 0
2801.0e-3 0.0018824 0 0
2899.0e-3 0.0017068 0 0
2900.0e-3 0.001705 0 0
2901.0e-3 0.0017034 0 0
2999.0e-3 0.0015481 0 0
3000.0e-3 0.0015465 0 0
3001.0e-3 0.0015451 0 0
3099.0e-3 0.0014124 0 0
3100.0e-3 0.001411 0 0
3101.0e-3 0.0014098 0 0
3199.0e-3 0.0012862 0 0
3200.0e-3 0.0012849 0 0
3201.0e-3 0.0012838 0 0
3299.0e-3 0.001172 0 0
3300.0e-3 0.0011708 0 0
3301.0e-3 0.0011699 0 0
3399.0e-3 0.0010765 0 0
3400.0e-3 0.0010756 0 0
3401.0e-3 0.0010747 0 0
3499.0e-3 0.00099235 0 0
3500.0e-3 0.00099151 0 0
3501.0e-3 0.00099072 0 0
3599.0e-3 0.00091286 0 0
3600.0e-3 0.00091207 0 0
3601.0e-3 0.00091137 0 0
3699.0e-3 0.00084368 0 0
3700.0e-3 0.00084299 0 0
3701.0e-3 0.00084244 0 0
3799.0e-3 0.00078851 0 0
3800.0e-3 0.00078796 0 0
3801.0e-3 0.00078748 0 0
3899.0e-3 0.00074049 0 0
3900.0e-3 0.00074001 0 0
3901.0e-3 0.00073963 0 0
3999.0e-3 0.00070327 0 0
4000.0e-3 0.0007029 0 0
4001.0e-3 0.00070245 0 0
4099.0e-3 0.00065833 0 0
4100.0e-3 0.00065788 0 0
4101.0e-3 0.00065752 0 0
4199.0e-3 0.00062224 0 0
4200.0e-3 0.00062188 0 0
4201.0e-3 0.00062155 0 0
4299.0e-3 0.00058964 0 0
4300.0e-3 0.00058931 0 0
4301.0e-3 0.00058904 0 0
4399.0e-3 0.00056192 0 0
4400.0e-3 0.00056164 0 0
4401.0e-3 0.00056147 0 0
4499.0e-3 0.00054463 0 0
4500.0e-3 0.00054446 0 0
