Mass [TeV]  limit [fb]
1 0.00429688
1.1 0.0031875
1.2 0.0024375
1.3 0.00192969
1.4 0.00157813
1.5 0.0013125
1.6 0.00110937
1.7 0.000960937
1.8 0.000835937
1.9 0.000742188
2 0.000664063
2.1 0.000601562
2.2 0.000539063
2.3 0.000492188
2.4 0.000460937
2.5 0.000414062
2.6 0.000382813
2.7 0.000367188
2.8 0.000335937
2.9 0.000320313
3 0.000289062
3.1 0.000273438
3.2 0.000257813
3.3 0.000242187
3.4 0.000226563
3.5 0.000226563
3.6 0.000210937
3.7 0.000195313
3.8 0.000195313
3.9 0.000179687
4 0.000179687
4.1 0.000164063
4.2 0.000164063
4.3 0.000148437
4.4 0.000148437
4.5 0.000148437
