#Mass [TeV]  limit [fb]
1 0.0125625
1.1 0.00896875
1.2 0.0066875
1.3 0.00514063
1.4 0.00410938
1.5 0.00332812
1.6 0.00272656
1.7 0.00228125
1.8 0.0019375
1.9 0.00166406
2 0.0014375
2.1 0.00125781
2.2 0.00110156
2.3 0.000976562
2.4 0.000867188
2.5 0.000773438
2.6 0.000695312
2.7 0.000617188
2.8 0.000570312
2.9 0.000507813
3 0.000460937
3.1 0.000429688
3.2 0.000390625
3.3 0.000359375
3.4 0.000335937
3.5 0.000304687
3.6 0.000289062
3.7 0.000273438
3.8 0.000242187
3.9 0.000234375
4 0.000226563
4.1 0.000210937
4.2 0.000195313
4.3 0.0001875
4.4 0.000179687
4.5 0.000171875
