Mass [TeV]  limit [fb]
1 0.008875
1.1 0.0063125
1.2 0.0046875
1.3 0.00357813
1.4 0.00283594
1.5 0.00227344
1.6 0.00184375
1.7 0.00153125
1.8 0.00128906
1.9 0.00110156
2 0.000945312
2.1 0.000820312
2.2 0.000710937
2.3 0.000632813
2.4 0.000554687
2.5 0.0005
2.6 0.000445313
2.7 0.000398437
2.8 0.000367188
2.9 0.000335937
3 0.000304687
3.1 0.000289062
3.2 0.000257813
3.3 0.000242187
3.4 0.000226563
3.5 0.000210937
3.6 0.000195313
3.7 0.000179687
3.8 0.000179687
3.9 0.000164063
4 0.000164063
4.1 0.000148437
4.2 0.000148437
4.3 0.000132813
4.4 0.000132813
4.5 0.000132813
