#Mass [TeV]  limit [fb]
1 0.00965625
1.1 0.00703125
1.2 0.00526563
1.3 0.00409375
1.4 0.00328125
1.5 0.00270312
1.6 0.00226562
1.7 0.00192969
1.8 0.00166406
1.9 0.00146094
2 0.00128906
2.1 0.00114844
2.2 0.00103125
2.3 0.000929687
2.4 0.00084375
2.5 0.000773438
2.6 0.000710937
2.7 0.000648438
2.8 0.000601562
2.9 0.000554687
3 0.000515625
3.1 0.000476562
3.2 0.000445313
3.3 0.000414062
3.4 0.000390625
3.5 0.000367188
3.6 0.000335937
3.7 0.000320313
3.8 0.000304687
3.9 0.000289062
4 0.000273438
4.1 0.000257813
4.2 0.000242187
4.3 0.000226563
4.4 0.000226563
4.5 0.000210937
