Mass [TeV]  limit [fb]
1 0.00603125
1.1 0.00440625
1.2 0.00332812
1.3 0.00261719
1.4 0.00211719
1.5 0.00175
1.6 0.00146875
1.7 0.00125781
1.8 0.00110156
1.9 0.00096875
2 0.000867188
2.1 0.000773438
2.2 0.000703125
2.3 0.000640625
2.4 0.000585937
2.5 0.000539063
2.6 0.000507813
2.7 0.000460937
2.8 0.000429688
2.9 0.000398437
3 0.000382813
3.1 0.000351562
3.2 0.000335937
3.3 0.000320313
3.4 0.000296875
3.5 0.000273438
3.6 0.000265625
3.7 0.000257813
3.8 0.000242187
3.9 0.000226563
4 0.000210937
4.1 0.000210937
4.2 0.000195313
4.3 0.000195313
4.4 0.000179687
4.5 0.000179687
