Mass [TeV]  limit [fb]
1 0.0214063
1.1 0.0148125
1.2 0.0106875
1.3 0.00790625
1.4 0.0060625
1.5 0.00478125
1.6 0.00389062
1.7 0.00326562
1.8 0.00278906
1.9 0.00242187
2 0.002125
2.1 0.00188281
2.2 0.00167969
2.3 0.00150781
2.4 0.00136719
2.5 0.00124219
2.6 0.001125
2.7 0.00102344
2.8 0.000945312
2.9 0.000867188
3 0.000789063
3.1 0.000726562
3.2 0.000671875
3.3 0.000617188
3.4 0.000570312
3.5 0.000539063
3.6 0.000492188
3.7 0.000460937
3.8 0.0004375
3.9 0.000414062
4 0.000390625
4.1 0.000367188
4.2 0.000351562
4.3 0.000351562
4.4 0.000335937
4.5 0.000335937
