Mass [TeV]  limit [fb]
1 0.0096875
1.1 0.006875
1.2 0.00509375
1.3 0.003875
1.4 0.0030625
1.5 0.00245313
1.6 0.00198438
1.7 0.00164062
1.8 0.001375
1.9 0.00116406
2 0.00100781
2.1 0.000867188
2.2 0.000757813
2.3 0.000664063
2.4 0.000585937
2.5 0.000523438
2.6 0.000476562
2.7 0.000429688
2.8 0.000382813
2.9 0.000351562
3 0.000320313
3.1 0.000289062
3.2 0.000273438
3.3 0.000257813
3.4 0.000242187
3.5 0.000226563
3.6 0.000210937
3.7 0.000195313
3.8 0.000179687
3.9 0.000171875
4 0.000164063
4.1 0.000148437
4.2 0.000148437
4.3 0.000140625
4.4 0.000132813
4.5 0.000132813
