Mass [TeV]  limit [fb]
1 0.0205625
1.1 0.01475
1.2 0.0109375
1.3 0.00840625
1.4 0.00671875
1.5 0.0055
1.6 0.00457812
1.7 0.00392188
1.8 0.00339062
1.9 0.00298438
2 0.00264063
2.1 0.00235156
2.2 0.00210938
2.3 0.00190625
2.4 0.00172656
2.5 0.00157031
2.6 0.00142969
2.7 0.00130469
2.8 0.00119531
2.9 0.00110156
3 0.00101563
3.1 0.0009375
3.2 0.000867188
3.3 0.000804687
3.4 0.00075
3.5 0.000695312
3.6 0.000648438
3.7 0.000617188
3.8 0.000570312
3.9 0.000539063
4 0.000507813
4.1 0.000476562
4.2 0.000460937
4.3 0.000429688
4.4 0.000414062
4.5 0.000398437
