#Mass [TeV]  limit [fb]
1 0.019875
1.1 0.0140625
1.2 0.0103438
1.3 0.00784375
1.4 0.0061875
1.5 0.0049375
1.6 0.004
1.7 0.0033125
1.8 0.00278906
1.9 0.002375
2 0.00203906
2.1 0.00176563
2.2 0.00153906
2.3 0.00135937
2.4 0.00121094
2.5 0.00107031
2.6 0.000960937
2.7 0.000867188
2.8 0.000789063
2.9 0.00071875
3 0.000664063
3.1 0.000601562
3.2 0.000554687
3.3 0.000523438
3.4 0.000476562
3.5 0.000445313
3.6 0.000414062
3.7 0.000398437
3.8 0.000367188
3.9 0.000351562
4 0.000335937
4.1 0.000320313
4.2 0.000304687
4.3 0.000289062
4.4 0.000289062
4.5 0.000273438
