Mass [TeV]  limit [fb]
1.2 0.0295
1.3 0.01575
1.4 0.0123438
1.5 0.00815625
1.6 0.00625
1.7 0.00517188
1.8 0.00415625
1.9 0.0034375
2 0.00288281
2.1 0.00245313
2.2 0.00214844
2.3 0.00191406
2.4 0.00169531
2.5 0.00150781
2.6 0.00135937
2.7 0.00122656
2.8 0.00111719
2.9 0.00102344
3 0.000933594
3.1 0.000847656
3.2 0.00078125
3.3 0.00071875
3.4 0.000666016
3.5 0.000617188
3.6 0.000576172
3.7 0.000535156
3.8 0.000498047
3.9 0.000464844
4 0.000435547
4.1 0.00040625
4.2 0.000382813
4.3 0.000359375
4.4 0.000339844
4.5 0.000322266
4.6 0.000305664
4.7 0.000293945
4.8 0.000283203
4.9 0.000277344
5 0.000274414
5.1 0.000277344
5.2 0.000287109
