Mass [TeV]  limit [fb]
1.2 0.0176875
1.3 0.010875
1.4 0.00809375
1.5 0.00567187
1.6 0.00446875
1.7 0.00370312
1.8 0.00304688
1.9 0.0025625
2 0.00217969
2.1 0.001875
2.2 0.00157031
2.3 0.00140625
2.4 0.00131641
2.5 0.00112891
2.6 0.00107422
2.7 0.000976562
2.8 0.000894531
2.9 0.000828125
3 0.000761719
3.1 0.000699219
3.2 0.000646484
3.3 0.000601562
3.4 0.000560547
3.5 0.000501953
3.6 0.000492188
3.7 0.000458984
3.8 0.000429688
3.9 0.000404297
4 0.000379883
4.1 0.000357422
4.2 0.000339844
4.3 0.000319336
4.4 0.000302734
4.5 0.000287109
4.6 0.000275391
4.7 0.000265625
4.8 0.000258789
4.9 0.000255859
5 0.000256836
5.1 0.000254883
5.2 0.000267578
