#Mass [TeV]  limit [fb]
1.2 0.0164375
1.3 0.0106563
1.4 0.0085
1.5 0.0058125
1.6 0.0045625
1.7 0.00379687
1.8 0.00310156
1.9 0.00260938
2 0.00222656
2.1 0.00191406
2.2 0.00169531
2.3 0.00151563
2.4 0.00135156
2.5 0.00121484
2.6 0.00110156
2.7 0.001
2.8 0.000917969
2.9 0.000847656
3 0.00078125
3.1 0.000716797
3.2 0.000662109
3.3 0.000615234
3.4 0.000574219
3.5 0.000537109
3.6 0.000505859
3.7 0.000472656
3.8 0.000441406
3.9 0.000419922
4 0.000394531
4.1 0.00037207
4.2 0.000353516
4.3 0.000333008
4.4 0.000316406
4.5 0.000298828
4.6 0.000285156
4.7 0.000273438
4.8 0.000264648
4.9 0.000259766
5 0.000257813
5.1 0.000261719
5.2 0.000273438
