Mass [TeV]  limit [fb]
1.2 0.027625
1.3 0.0146875
1.4 0.0116562
1.5 0.0074375
1.6 0.00567187
1.7 0.00460937
1.8 0.00371875
1.9 0.00310938
2 0.00261719
2.1 0.00222656
2.2 0.00194531
2.3 0.00172656
2.4 0.00153906
2.5 0.00137109
2.6 0.00123438
2.7 0.001125
2.8 0.00103125
2.9 0.000953125
3 0.000878906
3.1 0.000800781
3.2 0.000738281
3.3 0.000685547
3.4 0.000638672
3.5 0.00059375
3.6 0.000556641
3.7 0.000519531
3.8 0.000480469
3.9 0.000447266
4 0.000417969
4.1 0.000388672
4.2 0.000364258
4.3 0.000341797
4.4 0.000320313
4.5 0.000304687
4.6 0.000289062
4.7 0.000277344
4.8 0.000267578
4.9 0.000260742
5 0.000256836
5.1 0.000259766
5.2 0.000268555
